"run_id","cell_id","replication","method","failure_class","message_digest","intention_to_run_denominator","retry_count"
